17	21	16	59
90	30	54	58
82	93	82	84
22	25	99	83
53	55	64	17
70	87	98	40
97	39	92	80
70	81	20	96
66	52	67	32
10	11	99	12
42	62	60	87
30	23	91	57
69	81	63	23
36	33	11	31
43	98	13	16
32	33	37	40
41	54	70	78
99	39	98	51
52	28	85	91
46	64	77	18
14	59	54	99
52	19	49	55
57	52	86	84
87	30	76	83
43	47	91	70
81	48	84	25
78	66	86	94
32	28	64	37
77	11	99	18
30	24	31	13
25	92	54	62
29	48	54	90
73	53	46	94
49	13	37	49
15	30	49	85
61	90	36	93
85	90	29	68
79	87	87	25
97	70	79	56
77	46	34	89
21	96	27	58
91	74	68	71
16	85	49	97
62	34	26	89
21	75	32	75
66	51	58	87
29	18	15	33
40	36	77	27
15	18	39	42
98	63	27	73
80	28	62	63
41	25	17	51
79	47	57	11
59	55	72	59
83	81	64	26
33	27	36	25
31	63	78	62
28	96	10	35
69	53	36	66
64	65	36	13
14	96	17	10
26	85	36	49
61	33	57	77
26	60	65	47
13	58	96	79
67	38	86	86
60	24	51	90
34	93	41	93
38	64	41	54
82	25	47	54
30	71	12	87
21	64	76	11
45	75	19	87
12	71	35	96
65	58	90	27
12	25	82	19
72	66	52	14
50	48	35	89
47	28	27	19
94	64	66	35
17	36	48	47
78	64	96	19
26	14	94	88
21	80	17	44
31	55	24	62
41	43	30	14
83	58	36	34
29	29	18	39
13	21	19	58
38	29	78	33
32	86	11	76
71	21	24	11
89	58	36	55
26	96	47	59
57	15	92	98
21	27	63	47
46	65	20	22
19	92	54	57
95	78	41	68
50	87	30	64
72	31	10	86
79	87	99	60
71	42	99	23
77	76	96	86
51	90	63	86
27	62	59	33
19	71	14	81
69	54	82	83
23	52	23	11
25	95	26	66
23	97	43	99
19	42	57	60
62	62	81	78
22	56	97	78
49	31	66	38
42	24	13	53
67	11	76	25
45	34	17	31
54	65	61	16
41	89	34	50
72	46	95	20
35	32	28	60
78	42	50	40
24	49	91	70
79	76	86	33
87	18	44	77
52	91	66	40
92	73	95	91
68	40	18	10
90	72	25	77
40	67	33	80
40	22	26	69
42	39	72	56
47	16	18	61
10	97	36	57
56	15	45	22
62	53	35	26
15	96	67	97
93	45	83	84
53	96	81	67
37	15	85	23
16	56	75	61
75	60	91	46
16	83	90	32
79	70	28	78
14	33	24	92
12	54	37	24
75	68	85	10
83	41	74	68
53	94	74	68
95	93	83	20
48	83	75	11
27	98	77	42
65	59	67	87
75	78	80	96
44	28	98	94
32	31	60	84
24	54	22	31
50	32	73	56
63	27	70	60
98	76	87	50
37	14	47	62
46	61	33	14
43	41	38	46
10	71	64	50
39	99	61	31
14	13	30	70
75	33	53	60
23	68	13	81
37	67	33	18
35	67	38	15
27	32	16	19
80	39	13	74
31	81	82	11
12	52	73	82
29	55	48	37
24	40	63	53
92	82	32	56
28	68	91	70
79	30	63	57
87	93	42	67
28	74	57	45
50	71	46	45
33	59	35	46
43	14	80	40
20	18	77	84
16	86	53	50
92	61	89	78
70	74	81	55
47	33	73	85
22	12	61	65
71	26	61	63
18	30	50	48
76	23	71	41
28	18	33	54
72	55	54	50
16	56	97	78
92	83	68	47
33	15	43	56
35	71	41	28
21	82	87	60
46	19	49	26
94	16	64	77
54	20	16	62
43	12	74	39
18	37	56	77
90	62	91	28
32	90	61	35
43	72	91	41
12	65	19	37
32	21	72	56
72	48	10	25
44	33	69	36
84	14	84	35
24	37	20	67
59	39	71	79
61	10	92	50
24	73	29	28
88	84	68	68
46	11	85	96
37	60	68	48
19	18	41	88
77	80	56	63
74	39	91	47
71	73	95	83
87	76	53	76
68	80	48	66
25	60	25	18
94	96	62	61
95	27	40	61
96	50	99	67
18	40	58	80
83	99	28	69
63	83	65	46
68	34	85	81
75	82	27	96
80	63	40	73
58	16	73	42
76	15	21	38
99	93	75	20
14	75	38	12
96	56	92	97
93	22	62	15
49	90	94	39
33	81	65	34
34	11	84	91
73	38	64	28
98	52	28	39
69	46	99	24
23	32	89	35
83	83	28	58
42	46	84	82
90	73	87	68
31	59	31	26
41	33	63	44
72	19	79	19
70	66	84	80
47	38	91	45
13	14	95	10
62	18	53	81
16	95	98	25
18	51	93	23
71	59	83	22
35	43	20	77
28	24	43	51
17	47	59	99
12	37	83	69
85	11	60	71
64	77	14	72
94	78	73	25
59	82	92	49
89	17	93	39
12	20	54	77
81	22	30	44
56	29	33	31
36	82	28	94
67	69	55	53
78	63	59	90
21	33	94	34
61	33	46	63
65	37	45	75
10	85	33	36
46	77	65	44
71	68	74	45
49	22	73	18
50	79	95	15
81	59	26	40
39	83	72	63
72	27	75	40
30	63	12	34
87	86	48	59
88	40	27	88
41	34	16	80
59	98	20	55
61	29	37	72
60	58	80	19
78	44	49	60
37	31	98	57
43	35	74	23
22	48	55	59
40	86	70	83
13	77	20	64
78	17	87	79
93	47	91	44
36	76	18	16
19	40	82	38
42	57	94	72
11	26	87	18
67	51	21	80
92	46	57	50
67	11	56	90
54	77	41	67
90	57	67	51
57	80	91	16
89	38	66	70
58	35	44	39
28	37	41	28
36	19	64	49
63	32	10	30
89	12	21	68
25	88	22	38
51	19	18	66
10	22	91	94
40	26	86	69
43	63	84	35
55	61	76	26
23	14	29	90
98	35	75	30
67	57	69	92
92	33	27	40
50	98	97	37
22	15	90	64
53	89	95	16
35	28	44	36
69	93	83	44
85	93	38	68
27	43	37	79
37	67	26	51
88	65	31	61
86	30	84	67
91	85	77	41
20	68	14	40
46	27	27	96
98	44	24	38
46	28	31	73
58	27	42	42
25	70	17	90
63	62	26	74
11	51	78	28
81	57	29	47
82	57	47	64
35	33	81	73
96	55	57	72
55	42	65	54
60	23	23	34
30	39	22	62
77	82	84	49
18	35	94	90
22	29	98	93
25	44	54	94
57	29	47	76
83	91	68	50
55	32	69	77
63	46	16	24
11	92	12	49
43	55	90	24
23	40	89	49
67	64	32	94
21	68	40	89
24	37	81	31
13	38	75	26
54	45	74	28
12	12	37	47
78	37	86	52
68	59	24	77
18	97	12	41
51	14	42	93
76	59	54	25
84	66	46	74
80	72	29	28
57	55	64	20
54	65	28	56
62	71	95	57
45	84	32	21
55	77	19	12
39	77	54	42
85	47	79	84
16	68	98	67
28	23	34	53
13	54	47	60
72	85	79	47
38	14	80	91
65	22	79	46
35	93	33	35
75	51	95	51
97	29	74	67
79	97	14	98
73	55	52	11
93	75	73	59
52	34	84	91
86	94	68	72
12	15	90	22
25	54	88	36
29	84	13	64
21	81	56	55
42	77	60	53
25	66	44	88
39	53	33	98
91	71	96	66
75	79	36	52
35	68	52	73
37	64	25	11
32	93	50	95
42	38	66	87
32	17	43	79
28	54	80	96
23	33	80	77
75	52	28	79
51	25	27	48
50	75	14	90
96	78	44	65
91	83	40	74
36	53	88	36
83	11	75	83
67	89	84	68
21	46	88	84
44	97	43	45
85	17	13	87
79	32	71	69
79	31	50	88
57	75	93	83
10	80	81	32
29	85	70	87
74	66	14	21
97	47	54	27
94	54	97	40
72	29	31	26
73	55	56	44
61	30	99	32
52	34	20	65
68	18	89	31
30	59	56	28
14	85	67	30
88	71	64	67
23	46	28	54
45	68	47	69
80	93	88	97
15	16	66	91
35	59	64	46
42	29	33	65
91	79	36	12
85	99	69	73
97	62	77	12
84	11	38	91
40	82	45	17
38	13	14	43
72	48	62	96
12	49	87	57
39	77	17	89
89	56	13	27
37	63	13	44
32	63	37	72
46	61	55	27
30	12	78	33
29	29	26	44
22	62	55	84
53	42	52	16
57	75	50	39
15	73	66	52
42	82	21	76
31	67	40	28
26	22	49	99
97	37	54	65
85	44	37	48
93	49	42	42
97	92	43	11
87	38	81	11
78	84	28	79
67	90	15	39
65	59	88	25
28	40	40	41
25	51	13	20
97	52	94	36
85	20	39	16
55	30	94	29
79	16	99	10
78	11	56	41
57	19	47	83
19	63	58	56
18	65	66	73
73	54	22	58
15	47	85	71
10	80	12	77
31	95	90	99
15	19	97	92
37	89	80	41
83	18	60	40
84	56	13	80
21	29	13	45
46	54	93	22
32	41	33	21
40	62	48	66
88	94	12	64
32	20	50	48
94	48	22	87
10	94	22	37
41	70	49	24
35	68	61	14
69	57	10	93
66	55	16	49
75	79	92	57
95	36	79	39
79	78	32	83
84	72	27	78
42	65	52	79
14	26	10	99
56	20	29	72
48	61	95	54
66	69	13	10
10	94	78	51
70	84	40	87
11	75	20	42
13	30	72	14
38	53	50	55
78	94	68	67
63	70	62	95
65	84	88	15
56	35	46	90
58	84	65	66
70	94	81	31
78	22	52	77
50	83	54	49
50	30	37	79
20	38	96	83
22	31	48	40
95	58	46	77
23	82	47	89
23	86	98	39
42	83	74	80
33	65	33	44
40	85	78	50
63	96	54	90
55	91	91	85
68	97	73	66
73	75	58	61
72	27	52	50
65	73	52	14
71	35	35	82
36	75	16	78
11	55	69	36
86	63	80	82
74	44	68	81
52	79	39	90
31	46	44	65
25	16	27	90
29	99	60	97
22	96	18	44
14	28	47	82
95	73	54	15
41	94	87	74
52	45	73	82
96	84	21	81
65	94	18	56
24	18	91	30
61	62	86	31
59	66	66	24
43	48	88	72
28	29	81	88
36	36	86	18
17	91	72	31
78	49	82	29
22	91	49	63
39	15	91	56
95	20	50	96
10	40	97	17
93	95	97	41
99	23	27	65
39	66	93	89
65	76	58	31
24	50	57	82
94	27	33	88
30	58	85	62
58	89	94	48
68	63	56	89
35	55	33	12
95	16	33	93
36	30	27	38
99	93	14	12
45	29	28	79
15	15	67	24
14	71	50	86
10	93	92	94
42	55	71	43
72	66	34	46
38	55	75	19
82	75	70	65
16	42	99	79
91	78	70	89
93	50	59	22
65	53	63	73
52	73	60	75
57	34	58	37
20	43	37	52
57	81	34	11
45	73	49	30
88	99	86	17
11	96	52	47
76	28	39	78
50	94	69	43
48	65	27	83
53	87	62	22
84	73	74	94
42	35	55	32
13	21	59	35
36	15	61	51
23	84	95	85
25	94	36	38
59	23	12	72
67	60	74	67
51	69	57	66
88	13	72	76
54	95	23	62
97	61	76	50
19	55	91	18
41	64	32	28
23	24	16	22
70	77	87	99
11	53	23	13
20	81	69	90
80	39	59	72
86	40	20	48
34	19	68	11
66	94	41	63
95	29	69	24
10	43	61	22
48	69	76	81
60	31	35	14
44	85	59	97
25	78	84	88
19	72	70	42
11	48	72	31
71	31	65	73
69	83	70	24
11	42	38	99
50	67	48	73
27	84	50	36
80	38	17	43
22	50	29	55
92	29	22	97
29	97	39	26
65	43	53	48
43	49	42	67
82	83	30	99
61	26	33	21
76	15	93	40
95	41	36	15
48	99	28	96
57	19	96	81
16	90	47	38
35	46	60	55
22	87	82	56
45	69	87	80
22	26	62	73
38	74	97	66
96	48	33	67
42	76	62	47
94	31	95	66
60	73	94	75
12	17	11	91
33	94	50	10
31	84	77	69
48	95	36	93
56	67	83	41
50	66	30	41
68	43	21	13
13	10	62	57
75	88	27	37
82	92	58	58
13	93	37	10
88	46	36	12
60	59	43	32
62	78	42	12
70	32	46	59
81	89	14	87
38	54	53	93
73	34	67	93
42	17	94	33
31	40	74	58
14	43	83	63
60	96	76	38
24	44	15	40
59	93	54	30
59	19	77	81
42	57	81	59
57	42	86	96
46	42	50	77
40	94	11	59
59	99	49	52
17	82	15	55
99	49	48	64
63	81	60	65
54	64	89	75
97	86	85	28
78	77	81	63
58	31	42	75
98	88	70	93
80	69	30	21
68	62	57	59
75	34	72	38
16	74	13	10
95	26	51	52
27	86	16	89
71	50	80	34
48	25	19	14
72	55	15	98
53	78	17	53
37	27	95	87
90	80	28	40
72	48	48	43
11	75	87	38
83	35	99	68
67	70	71	48
55	42	69	22
58	23	10	20
70	45	58	66
19	97	70	51
47	53	43	38
86	64	67	95
44	24	69	52
74	18	50	79
59	70	45	10
92	87	10	88
14	35	63	53
50	88	84	87
90	14	87	39
83	24	89	33
70	65	71	71
99	86	42	12
65	52	56	66
21	87	28	30
92	67	95	83
53	16	29	85
74	58	93	75
48	30	40	17
66	11	89	87
19	18	24	52
58	60	46	66
68	76	42	76
83	86	41	52
82	98	92	65
70	76	81	92
83	39	97	34
21	62	69	11
24	13	77	19
75	92	39	28
66	88	87	75
40	76	48	33
61	66	45	32
37	77	78	91
90	41	32	73
42	52	10	70
34	19	69	33
76	35	37	96
55	18	60	41
38	66	57	33
78	10	61	38
22	71	36	99
12	23	24	37
32	11	42	92
71	42	81	30
38	53	82	19
63	13	73	11
33	89	34	40
27	13	78	61
57	24	42	97
61	38	53	22
76	31	90	47
15	25	86	52
89	15	76	38
30	19	55	34
74	34	82	94
71	80	36	80
21	46	21	82
54	49	73	14
72	95	87	26
36	16	13	11
56	76	65	55
69	53	85	26
19	53	94	60
47	83	68	65
59	91	18	50
41	79	76	12
84	63	83	69
74	15	44	21
54	33	81	70
24	64	12	85
68	16	56	95
69	69	77	12
18	39	84	14
36	52	12	28
41	43	63	75
41	14	71	84
63	59	13	49
99	20	83	32
60	59	79	91
37	12	94	57
60	75	35	30
23	97	61	88
70	38	32	36
54	25	16	45
56	93	98	46
59	10	59	25
97	66	61	19
51	64	34	35
38	77	96	52
63	76	92	41
24	59	53	20
40	44	51	19
96	84	61	81
37	98	84	18
25	58	34	29
48	10	73	99
55	35	56	28
48	56	74	89
87	83	27	19
36	16	44	39
42	34	17	18
13	82	26	42
98	77	78	33
60	40	27	13
35	62	59	63
90	18	20	92
29	80	87	40
91	33	45	47
56	85	30	72
70	10	12	66
54	43	35	37
42	20	39	98
97	88	18	53
59	94	33	96
71	77	52	19
17	76	98	54
46	57	85	34
89	87	40	19
95	13	35	31
47	98	45	93
70	55	92	62
77	12	50	45
75	47	84	24
14	61	63	37
54	66	41	67
80	84	60	69
68	53	28	78
60	69	25	10
33	71	55	78
73	57	29	17
64	78	84	60
50	29	82	16
10	55	69	86
29	78	66	12
80	18	70	23
23	32	46	97
80	18	22	90
32	26	91	96
86	23	69	40
80	75	39	93
20	12	89	34
40	84	44	93
92	80	54	90
95	75	73	33
75	50	55	49
89	68	68	88
23	12	28	51
21	23	61	99
16	78	47	83
18	69	73	68
92	42	30	76
80	96	42	21
93	58	55	79
67	87	39	63
11	11	48	19
64	66	63	95
58	52	65	89
89	71	89	30
96	44	40	57
25	77	91	39
38	30	11	99
38	35	18	40
70	63	76	71
27	71	32	29
66	11	58	23
48	10	89	13
64	36	94	55
86	59	85	78
55	35	22	57
21	51	66	42
26	34	52	77
85	44	58	16
94	41	69	85
27	34	79	48
81	12	93	67
40	51	93	51
73	54	98	25
58	50	90	86
17	63	75	98
92	22	44	52
85	55	36	68
71	40	65	70
49	44	38	69
70	95	89	60
47	32	70	25
82	25	78	55
62	35	39	93
82	18	56	59
68	27	58	84
57	77	16	91
33	15	80	75
10	58	72	87
62	12	76	63
75	51	86	12
10	48	15	23
27	89	33	32
50	10	45	93
64	51	90	32
48	60	85	15
95	29	67	56
22	71	57	13
12	52	93	48
48	45	23	46
97	60	93	41
51	13	12	78
71	41	53	68
53	30	97	49
79	60	46	99
78	27	93	94
73	81	24	85
90	22	48	62
46	82	76	61
97	42	33	19
20	56	26	42
85	19	14	26
47	23	20	74
37	90	95	71
52	25	22	25
74	99	82	96
35	85	39	44
76	30	85	91
66	88	90	70
73	93	70	83
35	43	52	71
83	69	86	80
27	63	65	83
14	70	90	97
29	43	14	94
45	99	24	64
68	93	27	76
97	23	80	42
71	62	17	85
73	72	91	68
39	72	96	24
19	26	84	86
22	16	65	39
32	10	22	27
79	45	79	39
60	80	94	64
10	30	36	95
43	15	71	88
56	14	47	81
15	30	15	74
24	73	11	13
25	68	50	31
46	69	88	61
73	32	10	23
27	83	48	19
78	18	31	89
72	33	91	80
80	92	23	62
74	52	60	10
11	39	83	37
33	99	13	45
17	56	63	60
39	37	98	22
60	49	47	61
50	91	91	80
61	94	34	43
97	53	88	77
68	25	98	25
21	24	10	22
76	96	36	59
29	26	55	32
98	57	70	94
23	71	77	33
57	85	19	65
69	48	81	60
37	19	86	52
68	56	29	87
44	28	18	46
62	27	94	59
82	89	71	74
99	45	57	87
99	36	30	63
28	77	84	53
80	69	19	61
65	69	83	34
12	89	48	90
95	17	80	18
11	70	48	22
89	45	31	20
89	98	47	17
40	75	67	31
96	70	13	71
29	68	25	63
64	89	77	73
85	21	97	42
93	86	11	71
57	75	26	56
57	36	36	10
81	30	69	80
79	37	84	70
43	16	99	24
70	52	57	80
63	40	90	26
62	11	46	29
85	40	61	22
51	23	57	97
61	20	72	42
53	52	54	57
67	55	50	35
75	83	98	32
50	25	42	60
82	53	78	57
65	10	43	59
95	65	36	25
32	66	26	45
35	15	70	52
72	54	52	46
92	65	51	37
71	36	33	58
17	46	87	38
31	46	82	97
46	33	25	48
56	68	10	25
19	25	75	50
28	43	39	77
44	99	91	32
18	42	56	13
63	75	38	78
26	73	17	19
71	75	61	87
37	38	84	72
12	27	99	83
93	92	73	93
79	39	73	40
83	52	77	65
44	60	81	63
84	19	21	14
77	88	58	61
47	57	48	70
26	26	15	82
16	51	60	59
46	28	65	67
79	44	33	20
49	25	76	96
82	24	81	18
73	71	20	86
19	55	80	52
53	61	23	36
86	33	27	51
46	26	11	67
13	58	46	80
57	98	58	69
52	96	82	10
26	21	81	37
79	13	62	61
12	40	12	30
24	62	67	12
90	44	55	41
48	51	58	33
99	18	10	94
28	22	73	68
84	91	91	13
27	36	79	51
26	48	57	97
53	11	44	67
28	97	35	80
99	67	52	46
30	28	29	10
82	77	77	27
91	44	98	96
73	51	84	61
53	69	39	26
33	75	76	48
64	43	94	39
64	10	13	38
44	31	75	39
97	34	35	42
46	37	23	10
10	41	71	53
69	60	53	60
42	37	29	74
55	84	63	82
50	25	70	11
64	52	36	39
78	41	62	90
51	74	91	90
63	35	96	83
50	84	71	59
52	68	27	50
27	31	37	53
24	44	22	89
74	55	83	76
35	53	78	58
20	84	92	27
68	47	39	58
45	56	95	63
19	17	94	36
80	12	10	49
24	82	63	12
75	25	64	38
41	45	15	51
25	83	32	60
32	81	52	19
14	80	83	99
73	98	68	79
40	21	45	36
69	89	25	60
84	40	21	76
19	48	37	83
44	65	79	21
78	73	79	82
45	68	38	92
25	87	29	89
64	57	99	99
58	98	67	61
58	52	33	95
82	91	91	56
35	91	42	88
91	45	56	64
60	94	68	18
70	44	18	47
93	70	41	59
60	67	74	42
22	60	91	44
19	47	38	34
53	80	68	39
95	49	51	82
34	65	12	82
56	27	86	27
96	51	59	84
75	29	43	75
51	63	81	91
10	58	87	90
21	57	46	40
67	54	69	31
87	30	15	54
70	94	35	26
30	12	23	12
59	76	86	86
36	60	17	63
84	86	13	81
60	96	24	22
58	93	34	73
87	92	78	97
78	48	65	85
58	95	62	99
58	54	80	95
33	81	15	72
37	61	17	62
91	41	29	22
14	24	91	90
73	13	75	34
76	57	86	65
58	98	50	23
85	31	37	68
20	74	10	24
82	85	79	89
10	20	56	18
75	21	30	26
55	57	86	12
50	66	29	73
88	66	47	44
83	64	69	49
18	34	67	39
84	43	74	76
15	84	86	67
17	29	55	95
70	56	69	24
93	85	67	41
49	98	55	88
42	36	99	96
63	41	42	29
75	93	32	41
34	35	31	72
35	51	12	91
34	38	68	68
70	82	21	18
62	97	59	47
25	35	30	71
12	67	62	47
30	31	80	60
48	97	56	72
64	76	49	56
39	74	28	24
89	45	41	63
64	69	50	40
56	57	55	39
27	44	61	37
11	38	33	75
52	99	93	54
36	30	41	97
13	30	19	38
28	15	19	86
46	57	75	32
12	76	72	87
37	46	59	14
17	58	32	55
53	19	61	10
89	91	76	40
13	82	76	75
60	19	46	55
31	74	54	15
74	51	58	83
24	92	35	79
31	92	95	21
62	32	24	46
79	67	18	45
83	22	46	40
66	42	26	75
77	27	43	19
58	75	70	48
83	39	72	17
55	31	79	22
25	28	93	81
35	15	49	94
43	79	74	96
11	10	36	39
61	51	34	39
54	39	15	21
92	42	71	97
20	13	13	97
38	26	74	56
95	34	21	50
60	41	37	13
17	52	76	95
31	41	15	83
34	46	11	75
97	78	46	96
88	78	28	57
32	67	82	47
51	73	91	40
16	92	16	36
66	34	37	88
72	69	77	21
46	12	90	33
67	75	80	47
78	71	69	80
12	70	44	25
47	36	45	61
61	39	75	84
27	13	45	18
67	16	67	90
51	57	15	77
82	15	51	97
69	46	20	62
25	13	40	60
49	37	73	11
84	92	23	62
87	23	77	34
21	39	42	75
40	77	43	83
58	64	20	30
29	92	21	46
91	32	46	82
87	47	64	54
69	84	21	56
55	97	35	28
67	69	93	83
37	50	57	81
21	34	15	75
24	80	61	68
17	14	60	26
28	99	16	39
44	41	52	96
12	57	82	71
60	77	33	65
46	59	39	35
67	27	15	69
42	40	82	48
72	44	17	88
62	37	79	23
18	12	47	10
90	14	33	35
25	89	82	64
71	71	15	98
37	36	91	45
17	90	29	94
81	75	40	81
95	37	81	13
37	45	56	89
87	17	36	80
49	16	40	77
75	22	60	78
79	11	12	62
78	84	91	71
28	65	89	25
70	53	67	71
66	92	48	15
89	39	41	43
65	15	85	46
93	45	65	86
62	72	56	81
68	22	71	29
13	73	55	89
59	87	21	45
66	59	81	16
46	70	29	20
20	17	61	27
82	59	55	91
83	29	20	69
70	29	71	59
17	11	91	92
74	70	19	32
53	66	22	70
76	89	89	99
81	68	23	64
92	67	57	72
51	76	97	28
17	60	97	29
53	56	67	47
24	42	51	98
14	68	23	83
43	53	14	46
56	86	10	56
93	93	24	41
10	99	74	67
79	80	38	81
75	76	43	86
74	11	18	31
37	10	90	88
55	66	69	73
82	70	47	62
39	49	78	42
84	52	72	16
38	58	94	36
91	60	88	65
23	38	81	72
90	18	42	42
31	28	83	82
71	17	24	72
78	64	77	61
35	33	93	98
80	57	40	65
70	21	83	92
99	44	15	29
97	80	46	95
39	14	75	73
50	14	54	12
76	21	37	40
79	90	98	21
13	99	69	94
74	30	83	41
54	93	51	18
69	83	43	70
25	98	62	65
88	23	91	18
61	88	79	60
86	54	18	85
95	12	78	48
40	60	58	54
84	95	39	67
87	22	77	91
63	15	88	67
99	97	47	44
41	62	52	30
97	87	82	22
89	67	21	12
12	88	79	57
20	23	74	45
29	11	27	18
12	92	81	97
27	45	92	38
15	16	29	48
27	79	61	14
57	77	40	54
75	13	79	41
81	38	29	21
17	17	34	77
71	39	38	45
59	90	83	88
53	47	13	52
40	89	52	61
39	58	85	11
67	43	32	82
99	20	43	60
62	88	43	86
63	56	75	13
29	13	53	11
53	67	96	53
23	51	17	29
52	71	95	49
70	52	57	50
94	47	92	78
95	55	41	50
38	55	99	12
99	26	16	38
57	53	57	48
77	55	10	97
58	23	46	41
44	85	33	80
80	89	50	60
55	34	11	41
76	49	86	83
13	19	31	99
27	74	42	27
48	83	53	74
68	83	46	14
27	12	41	96
63	19	22	61
69	44	42	84
34	68	93	26
69	25	28	74
54	53	14	11
75	70	13	98
23	49	69	27
42	16	26	42
73	62	22	66
45	58	51	72
77	89	55	78
23	94	65	48
85	18	23	61
82	29	91	27
57	40	17	96
25	74	42	78
44	67	28	14
18	97	83	59
36	34	95	11
50	46	88	99
87	42	29	74
45	91	16	11
50	50	12	46
15	14	67	73
39	57	27	96
96	36	33	82
56	38	73	12
93	42	10	30
83	14	12	62
24	72	88	16
88	16	52	17
17	24	87	26
17	41	58	93
26	34	71	91
35	89	62	33
81	68	44	75
42	35	68	68
41	36	20	57
90	54	45	69
95	34	10	97
96	80	28	70
22	24	60	93
19	33	34	43
61	31	11	33
27	31	76	19
10	91	94	49
55	45	33	30
41	55	33	10
32	48	86	89
43	22	74	34
54	89	32	51
99	43	64	95
59	78	11	33
17	77	83	16
70	88	67	85
19	71	11	98
31	56	40	88
74	47	75	43
88	98	26	27
78	79	84	18
35	83	89	82
83	78	68	57
72	33	55	35
21	67	25	10
39	43	21	64
42	72	33	85
37	87	90	19
48	35	91	95
66	90	43	61
72	67	29	12
73	21	42	71
61	78	79	57
74	77	43	75
46	61	64	88
79	10	51	57
74	15	48	10
12	93	89	48
59	14	97	66
75	17	63	61
56	34	24	18
43	63	96	26
94	10	12	33
75	58	19	21
44	79	38	54
10	12	89	62
20	48	83	68
57	40	42	98
76	54	83	31
72	73	65	75
78	31	80	53
21	89	61	37
60	69	97	39
54	27	47	74
69	37	30	59
73	55	33	52
75	90	27	57
83	53	28	53
17	85	37	89
97	15	57	42
50	91	12	73
52	55	49	22
58	29	18	68
81	72	67	99
62	61	58	82
69	60	41	16
38	87	61	89
82	16	62	12
81	95	17	55
20	51	46	88
51	26	67	52
95	31	65	74
22	45	99	12
48	89	34	49
38	65	57	31
59	83	31	15
40	35	18	99
81	75	22	65
46	54	35	33
17	28	52	37
68	53	72	17
93	33	46	93
40	21	18	95
51	64	62	23
27	83	45	75
88	78	50	68
95	45	75	74
56	42	11	41
80	26	45	56
13	33	30	20
64	31	63	48
29	14	28	20
67	99	78	63
15	31	75	16
83	89	65	49
50	21	48	66
58	16	18	31
15	85	14	91
98	15	17	20
45	20	16	98
38	54	12	35
27	13	74	35
85	97	42	18
52	21	54	44
45	14	22	51
22	76	79	90
46	12	96	17
48	90	37	40
18	22	53	22
32	29	50	51
64	47	56	13
72	28	34	84
37	65	68	54
64	20	23	78
14	60	35	32
14	26	69	97
67	22	60	77
19	64	25	15
92	33	64	74
87	15	20	60
77	30	14	93
97	92	14	97
18	57	68	81
22	69	76	72
85	77	97	18
12	87	35	87
82	42	27	30
80	17	55	48
10	52	13	80
40	42	35	54
47	17	68	56
46	61	48	63
53	66	61	24
11	56	19	24
52	16	68	59
87	54	32	25
14	61	23	33
31	60	70	82
23	84	60	14
31	90	10	84
68	67	45	41
88	15	76	69
56	92	41	58
18	57	11	74
31	71	95	36
58	24	52	18
62	75	96	71
64	26	31	93
77	98	36	95
56	39	17	62
33	74	30	15
94	68	30	15
87	38	96	26
10	71	44	46
28	85	64	42
50	79	70	72
88	47	10	37
53	67	60	27
30	86	93	90
17	86	82	78
78	70	35	63
78	77	45	36
45	19	51	68
24	28	16	95
41	11	61	28
78	18	10	36
97	73	59	27
39	49	50	86
27	33	94	40
75	68	54	74
30	47	49	84
41	81	45	68
47	79	17	84
36	58	57	65
13	71	85	30
22	28	54	60
90	38	92	82
25	44	69	82
39	52	16	54
18	86	73	37
35	13	60	89
51	13	53	69
11	37	91	11
33	35	34	21
47	69	54	24
71	63	61	44
28	28	55	36
87	51	65	16
57	81	71	44
14	46	34	95
59	15	68	14
26	79	46	51
85	24	55	81
11	25	57	16
78	14	12	51
22	22	78	43
36	95	53	51
80	13	26	42
20	34	73	87
34	52	94	92
12	71	88	95
87	11	22	39
39	36	52	52
81	54	16	17
37	48	59	58
56	42	16	57
44	85	72	76
60	74	78	63
46	60	80	88
53	74	75	92
38	32	69	55
48	77	15	68
61	62	91	81
34	36	95	11
34	38	92	16
92	15	74	70
10	42	19	77
86	32	94	21
66	91	26	22
47	14	64	60
40	78	64	95
34	64	12	56
21	80	94	20
12	35	80	65
29	46	65	41
73	12	26	81
23	95	90	26
66	39	79	87
46	60	23	33
85	17	38	65
91	68	95	10
89	51	54	19
75	57	15	79
50	99	84	24
17	48	11	16
61	23	17	52
62	75	65	31
63	73	88	42
74	76	64	43
10	27	86	95
16	35	25	27
34	40	18	49
88	13	21	61
15	99	53	34
83	65	71	23
27	57	28	21
87	85	35	89
92	86	10	37
63	82	56	41
28	15	69	50
20	10	58	64
23	44	28	65
82	73	24	46
27	39	56	97
35	57	84	33
97	13	15	16
45	62	41	91
22	79	81	12
28	12	57	31
18	57	76	80
68	44	26	73
80	50	46	57
95	10	87	28
67	47	21	83
14	30	66	83
54	75	89	56
87	47	20	41
88	55	32	80
56	97	80	13
68	48	92	28
65	39	16	56
83	71	17	74
96	75	96	44
42	44	56	11
71	60	45	19
23	95	20	78
86	14	98	55
18	90	30	21
18	46	22	82
80	67	48	26
52	51	94	90
54	37	13	38
15	70	57	19
31	85	34	40
75	45	50	18
46	71	99	61
62	24	37	22
98	56	69	90
79	42	97	58
15	84	11	41
90	97	22	19
56	20	94	36
71	36	45	85
64	61	61	63
11	97	61	45
35	71	59	20
72	92	45	88
80	19	93	21
89	91	37	70
17	69	71	54
99	88	36	27
37	55	91	28
43	62	48	28
54	36	22	91
45	95	70	15
84	36	26	75
87	29	73	66
14	41	55	76
63	31	54	72
17	56	99	71
60	32	31	54
19	67	80	13
91	24	12	93
66	64	16	92
70	58	33	56
30	22	80	27
91	71	36	75
25	67	26	21
61	33	35	34
90	64	44	85
33	77	26	11
38	90	93	72
76	94	47	55
28	31	27	46
41	37	77	59
34	62	49	40
54	53	98	64
64	37	52	39
86	18	81	90
89	61	37	43
33	46	35	25
45	39	56	74
98	11	33	60
93	16	21	21
46	86	64	99
11	33	23	71
56	79	66	40
26	49	48	39
42	22	44	64
68	68	15	46
20	23	31	92
54	75	34	16
41	95	19	86
31	12	87	93
63	26	68	47
26	33	88	56
45	90	57	49
50	76	81	24
81	41	31	82
92	45	36	45
37	36	34	99
54	72	64	37
81	79	82	36
11	53	17	60
73	25	74	67
81	39	72	13
25	18	94	84
29	89	12	76
54	87	49	30
75	80	71	90
90	64	66	46
10	54	68	63
81	17	17	38
42	66	43	67
25	96	70	58
78	93	91	11
39	81	42	72
73	14	56	31
28	80	40	14
54	29	75	47
28	54	50	28
78	40	20	38
45	75	23	62
55	10	52	61
36	13	92	45
30	13	87	18
76	60	81	91
27	79	29	46
60	82	31	12
31	81	31	11
43	21	49	44
55	88	87	41
71	84	15	74
36	38	40	37
76	28	24	14
76	36	60	32
79	42	86	63
29	10	29	43
59	89	38	73
11	81	42	79
56	43	49	10
47	55	96	37
64	48	61	41
17	88	24	86
10	57	96	52
28	66	33	20
72	13	27	96
89	78	29	66
51	14	21	80
32	23	98	72
70	87	97	78
72	50	48	84
56	51	66	84
90	27	49	16
40	56	84	60
50	58	26	38
44	29	52	59
83	24	86	34
50	52	19	84
35	68	17	95
87	11	58	42
97	87	76	86
86	26	77	61
37	78	73	82
34	19	59	78
44	45	93	83
45	57	49	57
92	70	47	96
50	61	96	40
61	16	25	94
73	96	11	50
98	24	58	41
74	82	30	74
61	27	48	38
60	19	27	50
98	70	46	43
78	87	50	96
99	81	77	56
72	72	60	52
48	72	73	59
36	91	20	75
67	79	82	43
56	60	83	40
51	47	50	21
57	67	89	67
36	75	22	24
45	81	61	65
72	53	53	78
97	25	23	34
17	61	87	65
82	94	92	24
25	80	74	86
40	18	49	47
49	21	44	57
25	67	53	42
67	41	43	67
92	47	94	56
98	83	23	52
12	78	50	55
80	72	37	84
34	38	91	96
88	30	98	80
72	55	73	25
69	87	51	96
52	20	83	42
94	36	94	73
85	34	11	67
14	13	69	41
66	69	92	79
59	84	37	49
85	80	11	81
32	29	30	36
48	13	46	44
56	53	73	16
65	41	35	24
78	43	66	57
45	49	68	11
31	95	31	56
94	73	96	42
12	31	81	55
79	18	55	62
55	37	49	32
64	50	16	24
95	88	44	97
86	26	43	66
72	82	14	28
24	33	71	80
54	20	70	95
17	65	86	50
32	19	66	55
13	88	16	29
25	87	16	88
58	49	66	42
68	30	52	99
80	77	71	28
20	30	34	82
57	43	40	39
99	47	93	72
94	19	85	62
29	76	52	55
38	92	51	88
56	30	47	91
87	12	92	54
90	74	78	23
51	16	44	42
32	95	50	15
33	92	52	68
40	51	49	94
82	98	91	71
13	57	42	68
17	82	79	38
53	76	44	76
10	74	86	60
98	27	12	49
73	28	85	93
24	12	17	44
83	39	66	15
55	25	57	35
13	89	86	37
81	98	65	96
76	85	23	98
47	22	82	19
90	99	10	89
94	65	17	42
53	62	16	34
76	18	56	94
38	22	42	71
41	57	18	62
27	59	32	37
79	24	74	81
27	34	43	76
78	95	79	62
13	13	49	92
88	91	32	95
98	39	91	27
74	91	30	82
95	89	74	31
85	51	54	98
46	28	26	61
67	94	58	71
20	25	28	40
12	93	78	31
35	43	83	42
49	46	57	38
52	33	73	90
65	46	85	99
46	54	33	36
48	59	77	44
12	68	46	53
83	37	32	70
39	15	99	17
90	63	66	63
25	30	84	97
10	54	38	16
74	48	92	85
34	78	85	96
39	96	91	34
72	24	11	56
17	92	13	38
60	82	23	68
56	95	50	38
75	58	81	99
86	83	34	42
85	58	64	14
49	46	62	77
65	84	37	63
26	46	54	49
26	72	47	54
50	23	45	66
49	40	70	59
59	11	50	60
10	60	29	41
28	48	97	31
22	74	58	95
55	25	57	64
94	40	51	61
26	89	37	39
70	97	48	80
22	41	26	84
38	72	88	91
37	10	35	47
98	21	70	51
90	31	27	88
78	33	99	26
50	79	97	88
58	37	50	99
44	26	11	31
74	13	53	78
97	97	24	54
23	64	51	35
12	67	51	16
12	22	24	59
47	11	79	35
40	59	12	51
21	21	10	75
99	43	65	98
97	61	35	47
14	91	14	94
94	73	50	16
44	64	62	30
15	18	78	67
85	93	89	77
57	96	53	94
36	72	82	95
92	62	60	48
29	84	34	44
76	90	16	36
28	31	95	65
96	52	79	34
18	90	51	82
36	75	48	72
45	67	16	63
97	33	26	68
27	82	96	86
58	56	16	92
64	46	12	47
19	70	71	58
76	82	46	55
56	94	91	69
84	53	65	58
21	89	77	50
23	67	83	21
42	61	16	39
83	80	91	96
96	14	45	56
99	84	59	60
35	84	45	64
71	24	55	52
42	40	80	42
86	91	10	17
29	64	60	57
33	61	21	83
30	42	97	87
72	21	74	85
15	21	52	40
60	25	63	26
31	69	81	72
87	15	58	21
65	30	97	93
37	33	62	72
50	30	12	70
18	98	29	98
23	44	65	83
29	71	57	48
25	59	97	71
74	91	29	51
81	51	30	64
85	50	80	35
44	39	43	36
87	61	53	40
83	63	87	26
63	57	50	83
64	64	93	95
30	49	98	13
54	60	75	50
82	99	40	61
95	84	84	91
19	61	45	10
18	10	63	63
48	52	83	35
86	51	17	28
32	15	35	34
47	95	59	93
55	13	52	64
17	82	62	59
25	90	32	29
51	87	72	77
78	53	33	59
24	67	29	75
51	35	27	93
56	86	13	45
41	37	86	26
91	60	76	85
46	58	50	99
15	42	66	32
83	22	67	41
42	18	17	26
24	29	55	18
23	84	88	35
65	61	98	19
61	90	17	22
67	62	91	44
61	12	58	53
98	29	11	20
85	86	57	32
19	73	11	54
55	41	21	27
25	90	49	99
17	64	88	42
23	63	71	18
45	60	61	75
30	10	60	51
31	11	40	91
86	27	33	22
35	72	47	17
36	52	97	31
68	17	98	24
35	56	88	76
70	89	18	53
59	20	73	47
64	31	35	48
97	45	37	90
12	58	69	92
30	98	51	96
60	97	17	64
10	86	93	36
95	55	29	48
88	50	89	16
98	45	55	99
65	18	32	98
85	96	95	64
89	20	96	79
20	93	80	13
44	18	99	91
27	96	21	99
93	64	41	87
53	23	18	76
23	70	27	66
35	61	76	34
62	54	28	72
94	32	43	76
54	79	36	27
44	63	19	42
70	29	71	57
41	82	72	84
99	26	31	34
68	33	22	23
52	78	38	28
10	18	74	12
85	98	67	37
29	94	65	78
13	74	46	24
29	61	90	58
82	90	75	97
15	82	31	89
88	35	24	72
11	85	67	92
26	66	29	21
28	56	50	89
91	85	45	61
90	71	24	54
95	14	85	83
11	83	57	31
73	89	46	66
95	46	16	34
58	74	55	39
60	25	52	24
47	41	31	35
91	12	33	89
40	39	67	36
34	98	34	99
26	98	72	56
74	85	46	90
90	15	28	57
65	54	57	28
64	67	74	56
52	95	15	20
45	19	22	39
75	67	64	74
79	70	88	86
87	52	22	26
35	41	30	35
15	97	36	14
19	38	32	64
40	79	34	42
87	56	38	22
14	38	50	44
51	17	51	62
91	93	16	40
28	25	57	59
38	81	90	15
18	87	37	74
63	47	69	91
66	47	41	48
66	96	84	89
27	58	14	62
49	97	60	24
52	96	24	71
58	54	69	69
32	17	59	99
57	18	24	93
91	66	62	65
17	45	83	52
56	97	57	69
69	41	47	56
65	31	99	36
48	28	98	88
76	51	16	21
14	75	79	85
96	58	43	69
95	89	90	61
88	99	12	60
54	39	61	42
49	15	18	91
42	27	21	38
41	11	73	10
21	79	51	69
78	14	12	89
19	30	78	58
64	70	80	16
46	86	76	10
61	66	55	71
87	54	66	30
37	72	39	65
36	29	69	28
73	50	51	35
67	99	79	29
51	12	47	67
34	76	84	16
38	81	98	80
18	97	71	50
70	15	47	73
18	79	91	32
40	47	52	87
96	51	60	52
99	85	76	99
43	35	47	20
76	88	90	65
84	39	69	63
25	34	68	47
40	92	79	43
16	22	95	18
42	65	94	56
62	61	20	98
68	99	88	18
13	43	52	85
13	34	67	40
59	57	92	80
14	47	88	61
73	55	55	44
26	63	28	39
51	46	23	99
40	80	54	74
23	74	93	48
59	15	29	88
57	34	36	51
39	82	42	58
75	32	68	78
98	96	91	91
32	93	88	71
73	69	71	58
26	38	30	16
90	90	53	65
35	45	26	14
76	69	81	56
85	20	68	65
59	24	92	30
34	64	27	70
93	56	46	20
79	54	42	97
90	60	69	96
15	11	11	19
28	27	27	78
82	92	87	30
68	96	40	24
14	15	79	50
11	16	94	30
65	26	28	13
51	22	68	45
94	28	98	14
35	67	90	67
25	72	67	30
59	93	30	25
31	29	50	44
39	75	67	29
61	60	85	20
19	43	89	83
58	68	57	19
75	95	78	88
56	98	68	14
60	59	63	34
70	65	21	70
90	87	88	24
70	31	73	14
78	20	70	25
57	64	81	46
89	27	68	33
27	14	60	69
78	38	97	65
70	87	18	44
92	57	13	99
87	41	31	83
35	55	32	60
68	69	76	29
27	33	91	91
33	44	46	51
64	39	61	99
98	58	10	26
70	27	26	92
19	85	31	97
27	29	70	85
57	89	33	59
80	92	22	51
49	96	84	95
63	86	18	76
98	53	81	46
30	68	33	77
70	90	16	85
76	39	68	19
96	54	26	78
41	53	41	93
75	25	39	28
78	24	33	28
37	96	26	16
65	57	59	99
28	88	30	61
99	39	16	66
27	39	91	53
62	83	85	41
97	57	86	18
73	44	58	89
80	21	17	32
53	35	62	61
84	88	52	86
83	55	12	77
34	35	77	25
75	65	89	75
90	41	93	26
56	73	93	35
96	97	80	30
78	74	31	56
52	65	91	76
37	28	65	86
30	69	34	77
37	94	92	49
38	35	58	94
67	68	42	68
97	69	99	75
23	50	43	73
45	73	42	87
28	20	86	85
18	10	64	42
66	54	21	97
87	37	18	61
89	76	66	17
32	55	94	21
27	83	81	51
31	57	67	56
80	72	32	70
90	95	96	11
58	77	88	83
63	48	10	82
45	55	60	45
21	59	73	38
54	19	13	99
20	15	80	33
21	86	31	70
63	83	42	32
92	32	51	84
16	77	40	93
13	19	43	58
20	95	20	61
11	44	82	82
81	62	79	46
88	12	55	43
92	23	22	59
24	52	18	45
80	53	11	24
36	23	17	87
99	21	58	69
98	55	62	49
45	79	35	86
59	26	90	49
26	59	89	91
31	73	20	26
81	41	83	92
52	60	45	65
55	74	97	79
39	74	88	22
70	79	12	24
74	67	32	82
33	82	69	91
45	84	91	52
32	69	42	83
71	74	81	93
46	64	98	35
14	20	58	97
65	48	99	16
90	86	93	67
80	91	90	57
82	96	12	37
29	29	26	28
93	35	13	80
23	65	29	46
56	32	71	28
96	56	58	59
81	91	59	47
16	21	78	61
72	14	44	39
91	97	58	63
81	33	98	56
86	16	65	31
86	16	96	60
24	72	18	75
25	17	18	82
25	54	48	19
48	14	82	79
50	34	10	39
64	28	13	33
44	36	37	22
78	83	26	46
83	16	76	27
17	48	91	22
77	11	81	99
39	99	33	80
57	39	12	88
69	72	93	45
33	94	67	76
71	22	98	45
14	94	21	20
33	58	20	61
39	83	57	81
89	77	99	61
85	66	28	77
81	82	69	79
48	63	26	11
35	29	89	47
68	31	27	36
35	29	98	87
39	38	75	18
22	36	36	66
21	37	85	19
45	31	29	29
97	67	66	13
21	78	59	50
38	12	77	99
64	32	86	30
53	52	82	80
20	48	23	74
47	70	44	97
76	56	24	86
48	36	40	87
51	37	71	82
27	65	11	51
66	92	19	11
99	30	65	15
51	68	70	86
16	61	24	79
26	84	11	64
71	12	21	98
39	98	60	25
13	69	53	47
18	18	48	80
56	26	30	19
62	72	30	67
11	82	10	78
81	83	32	59
31	11	69	70
58	83	87	36
73	94	93	36
65	43	48	56
87	15	96	68
56	95	68	11
11	29	50	47
21	73	80	55
44	91	76	54
17	94	12	66
58	71	93	37
47	71	13	59
55	68	55	44
88	65	33	98
74	67	24	26
16	56	31	38
13	91	77	62
45	20	94	50
71	99	81	76
69	62	86	53
91	34	65	44
63	13	47	65
37	61	26	55
68	17	53	67
39	17	35	19
43	94	78	63
57	56	78	50
23	89	88	48
40	97	98	53
68	63	82	70
79	21	33	98
22	19	32	55
93	66	82	29
83	99	27	29
48	95	52	72
50	96	67	94
25	86	70	78
43	71	19	13
99	90	82	13
69	65	96	59
23	87	31	73
41	60	48	17
90	93	16	29
60	40	50	96
77	98	62	26
14	44	35	80
17	45	52	63
76	68	54	51
64	66	16	47
88	18	71	49
90	27	37	93
28	98	76	92
87	37	52	91
17	49	92	71
58	46	83	56
37	80	34	54
25	45	24	47
75	99	62	64
27	56	57	50
36	39	74	97
10	10	56	11
86	52	67	97
75	29	97	88
83	48	32	16
52	91	95	97
40	83	94	95
57	15	87	33
44	83	89	57
72	79	92	25
29	59	60	22
63	32	79	68
55	64	29	56
26	91	37	52
16	77	59	63
95	26	77	86
80	44	85	43
54	17	72	87
64	53	46	93
94	38	36	89
22	32	38	63
23	43	82	25
40	97	78	99
72	92	51	33
85	28	30	55
59	98	49	46
57	30	88	34
40	75	84	96
35	99	73	40
15	65	12	45
69	18	16	52
39	82	25	96
62	31	64	53
86	69	28	35
78	83	28	38
72	65	49	55
28	48	36	87
72	91	30	66
75	38	89	42
45	92	21	31
96	41	33	82
52	73	45	21
95	57	98	13
39	32	65	62
31	39	67	29
51	93	71	43
60	62	73	95
42	33	23	90
48	62	99	57
60	18	71	72
96	34	99	60
43	65	30	65
72	45	70	11
85	51	87	28
81	47	66	84
22	50	57	60
89	51	50	42
54	93	85	82
16	51	11	86
21	39	97	80
73	17	28	40
18	58	99	83
75	11	16	19
24	24	39	56
48	11	90	62
77	17	40	54
59	84	94	42
17	47	28	92
86	91	96	43
25	77	26	62
87	33	90	91
60	41	51	18
76	97	42	28
86	10	21	92
26	19	33	45
89	89	90	88
17	16	38	55
37	23	14	66
32	91	88	40
21	45	39	48
13	85	79	40
59	29	36	52
39	82	75	24
96	67	43	33
60	82	53	68
34	79	92	60
90	21	70	40
54	23	46	42
21	70	86	34
71	57	39	58
30	35	91	66
64	92	95	54
85	66	50	81
49	30	55	80
45	47	64	17
11	38	13	86
74	68	59	23
60	72	59	87
81	12	43	18
35	34	56	87
39	22	92	97
36	10	98	83
51	12	89	74
17	35	70	14
54	70	14	82
93	24	15	68
32	30	10	77
56	60	57	65
39	65	31	31
22	75	32	55
16	40	24	48
51	86	83	86
48	21	25	53
16	73	27	45
79	33	57	43
57	16	57	92
62	97	85	73
85	14	80	53
53	30	99	29
76	91	81	19
80	67	59	69
89	26	79	49
23	53	27	16
41	85	13	76
63	19	62	51
44	97	85	15
81	82	25	14
67	40	58	75
19	65	27	60
74	11	46	97
98	30	96	25
73	16	83	40
38	39	50	23
97	44	15	40
70	74	42	25
67	52	77	19
65	71	24	26
25	44	34	80
78	74	68	32
56	22	97	44
70	57	10	63
68	48	92	41
42	56	79	74
19	92	23	62
97	86	66	76
40	73	96	88
33	29	76	85
59	48	38	77
92	63	81	31
50	92	79	49
34	24	88	44
15	44	64	30
55	56	37	64
14	39	60	71
77	63	47	79
36	65	96	70
99	96	55	40
73	63	63	33
35	48	39	48
69	90	78	20
52	22	82	44
41	39	64	99
82	10	25	81
28	92	54	42
96	41	92	85
29	55	83	56
39	84	62	51
14	68	23	56
83	24	28	35
82	44	11	90
21	21	50	22
59	77	28	99
12	46	65	12
26	62	90	62
79	35	37	72
65	74	37	11
19	79	66	72
48	32	64	73
76	38	18	75
53	76	74	10
96	34	33	96
92	65	79	59
31	81	31	32
64	89	27	43
69	11	83	91
66	26	22	49
87	88	16	23
26	60	40	59
48	32	92	86
95	59	52	67
34	94	95	75
81	25	80	75
68	96	94	74
92	13	17	66
55	37	60	69
94	39	50	15
85	11	81	85
22	38	18	56
60	77	50	99
71	52	65	98
86	26	23	30
69	10	63	55
88	57	75	78
64	30	80	77
49	40	42	86
10	12	87	70
79	84	86	65
20	96	79	37
97	50	44	30
36	26	24	49
72	96	44	73
85	84	44	36
46	25	72	49
40	74	39	43
88	16	93	34
83	76	10	74
94	76	64	70
42	19	97	85
37	59	11	84
46	25	50	66
96	52	61	18
84	23	28	75
59	22	30	17
56	80	91	72
34	68	67	44
88	65	41	79
10	52	58	27
59	14	42	19
50	73	40	18
38	89	72	14
50	13	78	16
10	79	95	97
22	85	55	45
87	79	99	95
76	12	29	48
51	55	93	55
98	85	49	33
55	57	28	32
51	24	47	87
55	15	31	97
57	87	73	73
30	33	65	30
88	48	86	37
84	80	95	74
53	92	10	90
90	87	97	95
48	31	98	67
27	33	65	75
84	83	38	62
51	43	15	72
50	40	89	72
17	24	94	45
15	42	66	41
18	13	88	99
42	46	28	74
43	14	57	65
86	72	66	58
63	33	91	52
27	55	13	62
55	21	39	46
49	58	90	43
91	43	84	85
12	12	64	91
89	83	65	13
66	24	94	94
79	13	83	13
88	65	31	82
95	86	31	45
65	30	59	22
92	70	64	60
94	46	54	46
90	32	97	76
74	71	26	15
71	95	52	11
24	93	50	37
61	80	57	57
45	79	37	42
69	63	96	68
31	16	77	67
67	26	38	92
43	69	60	37
60	38	47	13
73	43	49	16
71	70	83	53
26	48	58	68
37	28	70	54
66	37	55	28
66	24	83	11
83	49	85	77
20	14	97	15
18	34	64	53
13	91	50	20
31	63	56	79
14	23	98	73
55	15	12	51
53	73	55	82
44	22	98	68
95	56	81	77
68	49	10	30
69	83	89	57
90	72	26	35
94	45	73	59
28	13	52	18
13	88	41	79
45	67	34	78
11	28	44	57
40	90	63	40
26	28	40	36
36	87	67	44
43	97	26	30
90	23	42	22
56	49	13	96
82	49	93	35
83	96	42	89
48	62	17	65
81	20	65	93
57	75	92	72
95	64	47	48
61	53	75	23
20	73	38	59
22	34	55	75
84	45	92	46
30	53	27	58
53	70	22	99
67	57	36	16
60	41	34	20
41	87	31	99
35	85	38	48
76	16	70	46
46	20	62	54
53	39	51	11
61	90	44	84
53	68	87	85
86	63	47	75
60	38	33	59
87	29	44	54
53	51	95	10
46	26	41	12
27	61	65	76
35	11	90	72
49	90	16	60
61	43	17	87
14	59	23	61
23	72	70	41
68	81	39	12
29	10	31	48
13	31	29	49
46	43	15	52
29	95	29	68
34	61	10	60
99	21	56	31
62	17	73	71
20	10	71	65
14	17	83	59
40	36	74	85
49	48	58	32
83	92	58	75
68	30	25	55
99	19	80	29
54	22	92	82
30	23	29	30
82	67	83	91
92	54	99	49
11	94	70	89
37	17	32	28
47	74	83	39
88	67	41	91
96	43	23	69
28	65	92	81
70	31	92	32
12	21	54	73
65	80	52	42
77	19	91	94
50	95	21	28
39	95	65	50
88	34	61	80
27	28	55	64
56	39	66	10
44	33	66	98
45	34	13	74
19	35	40	20
57	90	89	81
29	73	35	55
12	26	77	53
38	67	73	11
87	80	85	63
98	99	80	98
30	23	32	53
92	43	48	30
43	28	35	65
92	29	91	81
99	59	79	41
23	10	48	10
73	51	82	49
90	42	71	41
60	29	94	19
40	25	75	79
20	79	53	83
72	50	26	93
34	30	84	21
99	61	58	56
73	69	16	12
98	57	90	34
69	61	13	29
17	32	90	78
96	48	24	10
91	40	17	99
65	18	45	81
87	94	31	50
20	29	86	50
10	91	91	76
13	59	69	89
95	33	73	52
43	28	84	41
71	79	76	98
13	83	20	85
68	94	48	52
23	51	90	71
67	14	48	46
52	66	22	39
17	26	47	18
46	39	94	77
30	17	95	32
75	76	63	74
43	19	71	49
70	15	49	26
81	13	53	57
81	54	55	86
48	40	94	64
70	53	33	29
10	65	87	39
51	47	14	38
62	79	14	15
39	63	88	63
30	47	19	21
41	88	43	78
26	37	34	66
66	73	51	37
18	82	94	41
52	66	54	66
35	92	22	94
75	75	55	19
66	82	22	62
33	52	71	93
54	39	59	97
68	64	60	29
24	26	80	75
31	73	10	99
55	65	20	79
22	68	30	51
23	68	21	82
27	78	67	16
38	91	37	63
67	14	67	49
90	79	58	81
75	71	59	40
55	23	94	33
48	29	60	18
92	51	20	59
81	63	20	21
74	66	34	18
98	42	13	79
99	85	80	84
53	10	69	52
93	74	68	47
31	56	44	59
14	63	86	51
77	23	43	63
28	18	61	37
90	40	69	48
18	55	80	75
35	73	92	30
15	33	25	54
45	71	59	77
43	41	56	62
16	61	24	69
14	98	47	12
65	64	88	61
25	77	56	37
70	30	53	47
14	96	64	89
19	72	37	44
49	95	72	94
73	71	21	58
28	76	90	72
88	78	19	75
82	85	62	91
13	86	35	91
69	56	86	20
88	67	99	96
32	12	56	34
20	54	28	99
51	59	47	92
98	45	43	93
77	59	46	85
35	93	98	29
13	55	40	68
59	51	88	60
18	90	78	88
47	50	63	93
88	59	31	87
66	30	34	84
48	25	55	55
34	51	81	27
50	65	44	92
47	98	54	63
32	76	94	38
50	59	27	66
58	49	99	74
64	94	93	30
19	55	60	70
72	89	48	32
17	42	43	36
51	22	38	74
82	22	72	43
54	51	39	40
79	39	89	73
72	66	14	48
64	16	12	41
78	58	82	34
79	20	21	10
37	54	41	89
73	98	66	98
37	87	98	12
30	66	19	46
24	67	84	87
71	23	56	62
19	81	15	95
57	38	29	85
39	34	72	77
10	72	93	29
54	32	78	41
50	64	70	82
56	47	98	84
51	46	99	50
58	53	85	57
47	32	24	63
25	46	68	63
34	84	38	84
91	17	60	84
89	35	40	45
68	39	26	12
27	43	38	96
48	60	60	36
37	27	34	25
61	60	21	35
50	57	26	70
28	30	17	28
17	29	74	99
29	58	20	53
40	13	40	65
14	61	57	51
87	91	87	80
29	60	96	68
98	34	86	87
49	61	96	19
20	92	40	40
17	39	13	88
85	38	54	62
74	95	20	59
32	68	16	71
94	60	17	95
27	88	39	70
92	77	54	43
47	25	31	32
94	57	31	73
30	41	90	59
69	72	14	57
77	28	31	70
33	53	48	53
95	27	98	19
27	77	57	74
62	60	13	37
71	51	82	64
24	14	74	71
69	24	98	50
36	68	28	59
97	63	12	92
15	78	20	31
20	97	13	90
73	46	63	13
61	39	33	29
42	67	88	24
89	34	98	41
24	37	58	46
43	75	30	56
84	76	15	64
52	44	50	78
44	80	64	55
77	80	35	39
65	19	52	44
76	95	14	84
65	97	61	61
15	34	64	40
25	99	41	82
45	70	85	94
83	18	57	97
80	39	50	73
67	97	86	63
22	96	77	32
35	86	86	47
99	67	48	39
87	55	86	79
49	66	89	93
15	77	84	17
67	30	26	13
53	92	85	53
91	92	28	49
96	95	71	28
28	55	22	93
40	40	58	71
77	41	63	42
97	81	85	26
57	36	31	10
86	24	11	24
18	37	35	58
65	87	82	84
15	31	69	21
28	87	43	26
90	78	30	76
15	10	97	55
79	26	25	99
81	11	23	95
65	92	42	99
88	45	21	89
58	56	11	37
38	47	47	32
15	87	21	60
86	38	21	30
13	57	40	53
93	88	26	84
52	39	69	54
83	85	31	86
62	50	15	78
27	69	67	22
72	90	68	36
88	87	10	80
77	61	56	11
98	91	52	25
34	54	88	79
26	18	27	93
26	50	36	90
72	30	68	35
47	11	91	87
55	43	94	38
81	48	48	61
40	31	46	68
66	34	46	98
44	17	12	21
96	36	24	44
72	98	79	55
65	93	25	27
29	21	45	66
17	46	23	45
47	18	92	11
69	24	47	95
58	84	99	15
92	18	83	18
58	73	78	76
43	50	49	12
14	83	90	39
28	22	41	83
60	73	33	70
68	60	90	19
98	84	15	75
74	67	45	57
86	77	22	18
89	26	85	18
62	68	82	22
29	74	47	28
59	76	86	94
57	30	41	31
75	78	41	75
20	44	29	16
81	18	84	14
62	10	78	43
82	57	82	15
48	71	42	18
36	16	99	58
70	52	12	72
41	59	66	43
88	81	37	92
38	29	83	10
78	89	12	61
10	51	79	29
87	23	78	41
62	52	73	92
23	83	54	19
67	55	84	25
91	91	15	10
81	81	77	26
17	60	10	69
91	78	56	92
82	38	69	84
19	92	61	20
58	67	93	52
51	18	35	40
30	38	84	29
90	55	82	70
28	10	25	69
55	75	94	35
85	63	24	26
40	46	58	20
61	70	59	54
96	97	15	57
60	80	97	56
93	38	14	13
68	38	77	33
97	69	10	39
43	20	61	62
43	64	35	13
34	78	53	43
12	60	76	46
94	67	64	53
95	52	29	50
77	79	95	57
42	91	51	24
38	42	35	69
99	48	82	73
37	74	14	29
40	95	74	44
10	58	12	32
71	27	66	73
88	94	43	14
14	54	57	31
46	22	33	57
43	22	49	31
77	69	94	19
55	27	50	61
35	31	81	66
35	19	30	79
63	77	79	60
80	73	17	82
13	66	82	19
72	48	40	42
66	66	39	52
22	67	73	71
64	19	45	77
98	81	63	72
10	60	31	57
73	28	13	96
48	50	43	27
64	71	96	59
39	12	58	77
76	50	21	93
51	37	73	97
45	89	36	78
19	90	61	11
61	20	24	36
91	72	80	86
19	11	88	36
44	30	70	23
33	37	25	84
49	50	45	79
85	43	72	91
57	28	88	95
20	65	96	33
43	83	77	42
76	29	18	32
74	31	19	78
26	81	46	24
38	86	84	40
32	88	91	92
84	80	24	25
83	30	63	64
79	87	61	58
76	60	62	70
98	55	70	99
39	45	24	16
65	20	96	45
62	74	16	81
22	92	20	31
12	66	14	78
64	23	78	55
53	96	91	66
58	66	88	65
77	17	97	68
38	76	99	37
33	28	27	42
42	92	37	57
54	90	14	96
96	42	20	63
90	62	78	68
56	70	88	50
12	47	64	48
49	75	55	37
76	59	48	56
84	39	78	84
46	67	63	72
86	71	78	63
92	69	50	74
49	93	23	46
94	49	36	16
27	10	17	91
45	33	78	64
45	68	77	95
96	49	63	40
58	80	63	45
37	38	47	54
35	44	46	69
89	58	40	38
30	69	84	23
59	78	25	31
56	96	86	70
31	18	41	19
10	49	97	55
52	66	20	62
87	64	85	28
29	57	98	39
41	26	65	72
47	81	96	82
98	59	84	84
34	98	95	99
68	64	73	42
53	53	78	94
11	52	82	47
86	13	35	40
99	96	54	80
66	16	73	19
26	95	13	15
37	20	31	95
59	43	76	95
31	38	72	94
32	95	39	88
78	54	18	62
30	58	69	39
68	85	71	98
74	54	52	38
56	81	63	20
70	23	91	54
71	29	50	86
95	76	66	51
85	61	71	36
74	23	62	44
55	70	32	69
11	41	82	61
36	97	49	43
71	59	23	27
56	42	17	94
63	99	54	79
79	56	15	97
87	32	46	41
16	81	46	74
51	63	30	97
73	48	17	89
28	73	14	60
89	32	25	89
58	87	43	72
89	23	26	62
57	52	29	27
24	97	82	29
60	13	60	10
73	16	91	58
66	16	62	72
50	92	79	27
64	95	15	12
78	44	95	67
21	51	63	49
52	41	34	92
21	79	84	25
11	92	55	25
58	14	29	84
77	84	30	58
30	82	80	11
63	29	82	11
64	82	75	21
88	24	26	69
58	18	87	88
52	16	53	89
74	78	74	33
89	33	63	23
25	48	26	52
43	45	35	20
13	39	53	87
40	91	86	84
82	18	38	39
87	82	24	90
27	95	34	62
15	99	77	61
11	96	18	27
47	99	76	53
62	48	38	94
96	78	96	35
79	94	94	84
86	12	52	83
75	35	66	42
99	94	68	35
75	60	92	83
44	19	40	78
12	41	77	24
91	81	52	51
70	57	36	87
91	95	36	36
68	85	26	80
91	62	25	47
63	59	30	77
28	30	85	29
26	92	15	21
52	65	25	52
64	29	35	99
12	85	44	90
58	20	99	23
43	69	85	77
11	18	39	90
16	60	12	83
46	24	12	80
25	55	14	96
18	39	10	16
44	64	16	71
17	44	79	16
11	17	11	69
42	81	39	29
12	92	73	65
99	57	30	16
64	85	86	31
98	83	37	93
79	45	69	28
81	11	43	25
94	67	46	96
32	60	77	98
87	35	87	15
93	85	12	84
41	27	81	95
58	52	32	37
59	35	19	42
83	45	28	93
66	15	34	30
72	88	41	59
98	99	72	50
40	20	57	54
28	58	45	48
85	85	65	38
82	39	73	59
72	78	25	15
13	36	10	20
51	74	41	70
70	45	97	65
33	89	36	77
40	77	46	84
19	37	11	51
47	55	37	28
98	60	94	69
12	56	62	38
41	24	63	71
44	17	33	30
59	84	66	97
84	86	58	64
81	20	28	45
38	43	67	81
76	70	45	97
20	23	78	13
42	18	82	20
55	18	74	87
86	79	17	70
51	13	75	82
59	23	48	71
39	88	38	51
46	51	27	46
26	79	46	42
88	12	86	35
86	17	27	79
32	72	18	38
19	91	77	43
94	51	87	75
38	14	21	89
89	82	57	83
11	32	71	77
30	65	40	24
37	83	72	90
84	67	51	48
45	93	63	94
43	42	92	10
65	96	65	58
41	29	78	46
72	78	72	52
85	68	37	91
96	64	65	79
86	87	18	69
42	86	11	53
37	91	59	92
78	33	39	22
63	20	79	30
36	50	65	36
82	23	74	57
55	45	39	37
10	33	72	20
85	95	81	72
43	78	26	13
12	45	17	96
50	86	96	10
88	50	90	60
29	14	75	43
24	98	48	11
90	36	49	83
86	20	82	84
95	12	98	64
22	67	84	37
77	32	39	35
37	76	39	47
22	20	44	74
47	43	98	80
85	38	81	13
85	40	56	19
18	62	17	44
61	99	49	52
64	73	20	25
19	31	49	84
35	76	21	89
37	72	73	32
89	36	84	28
20	38	98	46
22	31	58	38
15	64	49	53
61	21	15	26
35	10	84	45
73	79	83	48
75	86	43	28
58	37	79	51
33	86	33	32
11	76	65	82
29	38	71	70
81	98	15	95
87	28	52	18
38	29	75	12
92	40	94	83
85	42	78	82
83	82	80	47
31	15	71	41
55	48	47	13
96	71	62	89
46	28	67	87
20	25	64	29
10	54	12	50
63	91	83	87
92	26	31	71
98	31	14	16
46	75	50	27
92	56	92	82
85	14	17	47
21	52	11	43
95	50	32	46
68	53	54	71
22	96	66	72
57	24	32	74
35	49	21	82
59	30	36	58
56	35	85	66
28	78	74	60
64	38	97	58
41	91	36	44
65	17	29	66
28	36	18	72
55	70	95	79
35	98	46	99
80	46	19	59
63	48	41	72
36	48	95	49
37	32	82	28
98	53	20	91
19	18	52	86
17	46	76	79
17	44	39	63
40	16	95	72
13	27	72	14
36	73	34	33
83	35	91	65
82	79	31	59
77	91	19	69
47	89	22	15
83	56	30	56
61	16	29	97
89	13	78	69
48	63	75	21
38	32	12	17
46	59	38	11
74	36	79	27
66	33	16	42
60	68	44	38
24	94	39	13
81	36	91	28
21	11	88	88
96	44	93	60
42	98	56	45
31	97	49	81
68	24	19	29
21	22	79	36
78	10	71	89
49	45	27	27
47	14	91	83
81	92	81	22
83	67	99	96
20	86	92	10
38	88	92	93
39	74	72	19
52	13	12	40
27	36	41	79
24	69	40	24
44	60	74	69
35	95	24	33
39	82	76	93
24	70	95	71
93	92	68	32
51	83	26	56
53	51	26	64
16	30	34	70
45	49	41	71
57	83	58	84
96	87	58	36
50	77	78	23
66	97	68	28
78	82	91	90
64	38	57	97
27	44	46	45
77	21	50	79
21	88	69	76
95	99	51	70
36	35	11	32
66	86	59	49
75	58	49	31
56	18	15	32
97	55	11	88
43	58	21	11
29	96	89	58
19	20	68	66
57	66	75	80
42	82	54	92
48	75	30	68
27	82	40	34
76	71	57	76
81	79	66	19
85	45	36	97
55	48	33	71
14	39	40	94
48	83	59	77
69	50	32	14
49	15	29	74
31	79	76	13
40	59	32	40
17	24	10	35
57	53	40	91
97	35	83	39
74	76	99	96
50	57	15	23
32	61	42	33
27	23	51	96
74	98	51	58
30	29	68	88
95	22	92	80
98	24	75	79
72	36	66	92
39	53	10	64
77	90	73	51
67	40	93	85
59	19	47	47
16	23	91	82
97	69	50	50
70	26	75	14
82	36	95	55
77	48	82	76
36	36	28	32
29	81	50	78
31	55	53	66
33	13	27	65
38	80	54	13
98	81	30	84
95	90	23	51
95	65	39	46
87	76	71	73
73	68	75	87
47	96	42	12
83	44	11	90
11	91	18	71
43	61	93	25
70	25	91	22
18	39	68	73
12	24	49	96
89	22	83	14
58	16	94	97
15	53	64	73
69	53	19	86
24	51	46	94
52	10	13	71
37	14	92	27
12	87	53	48
51	12	90	30
66	15	71	24
74	90	85	64
60	52	39	65
81	93	33	89
60	76	12	90
48	28	26	36
86	64	81	74
82	28	39	55
67	56	79	94
55	44	98	68
85	72	61	68
46	88	87	69
62	65	18	29
18	67	32	33
83	56	67	64
35	36	55	64
28	70	19	99
55	69	35	98
13	65	75	38
69	87	45	29
24	92	74	40
86	45	64	60
52	45	77	87
91	28	25	51
29	22	84	68
51	10	91	87
89	64	76	39
76	35	17	98
43	25	22	18
74	59	70	89
37	69	21	30
82	56	77	90
76	91	52	83
86	30	33	25
23	14	15	22
91	72	33	84
25	98	65	22
98	40	86	48
84	66	54	43
99	89	29	87
19	89	27	91
84	43	77	20
28	47	54	24
33	17	59	36
14	93	19	80
33	98	11	14
53	38	33	90
50	13	63	65
53	96	12	69
70	34	33	49
40	44	79	48
47	96	73	19
64	89	73	79
84	50	96	81
70	49	97	20
66	93	37	79
94	60	18	95
34	50	86	15
28	91	51	16
61	52	74	44
59	28	99	21
97	64	91	72
16	40	90	61
92	14	10	67
29	39	15	98
98	36	43	41
47	59	60	59
16	81	53	53
33	61	19	79
59	94	82	26
74	91	65	36
75	35	19	82
29	29	68	95
26	41	62	61
71	76	87	38
51	91	67	44
29	56	37	38
62	34	75	74
84	66	14	64
76	74	67	10
72	44	78	42
53	80	38	72
27	61	74	22
66	49	68	12
23	40	78	53
14	70	73	21
32	79	18	34
72	65	86	42
36	87	63	96
16	59	48	40
17	35	37	12
21	95	25	53
61	97	14	17
18	24	43	97
44	25	51	96
60	61	77	72
97	66	54	45
10	15	12	88
22	56	98	72
38	47	50	14
61	31	55	82
41	96	20	36
68	88	90	93
74	31	19	25
49	18	86	17
97	65	28	29
99	21	31	37
24	65	79	59
20	92	76	76
72	88	39	85
80	50	40	37
69	47	19	38
45	26	39	11
94	57	88	61
90	44	28	25
48	24	25	95
63	70	63	10
70	51	43	60
91	12	42	84
17	81	89	81
98	87	72	85
24	39	19	88
65	94	46	44
50	28	25	26
65	47	10	61
45	86	20	94
58	61	78	36
66	11	97	35
51	45	48	70
71	24	61	40
49	14	87	77
77	21	79	62
38	48	84	78
96	62	84	94
69	43	78	98
83	38	31	81
26	34	96	56
22	80	26	13
48	77	15	39
63	83	43	90
42	41	37	15
74	80	36	12
75	76	90	42
82	82	36	99
42	84	43	93
60	96	41	74
16	74	79	76
56	18	98	82
94	76	26	84
39	80	30	55
43	82	86	67
99	71	51	84
89	75	31	41
45	63	10	66
20	15	75	90
89	63	27	89
71	99	16	83
72	20	69	44
89	26	85	78
14	75	29	19
71	79	63	29
16	66	83	47
53	77	71	97
73	98	62	20
85	72	20	18
72	85	26	62
43	12	77	68
88	52	76	51
99	84	71	56
27	94	56	54
94	35	34	94
29	74	30	22
68	49	10	86
26	90	13	25
38	34	91	69
10	48	26	49
98	32	55	48
92	77	38	40
88	51	84	89
15	72	27	24
53	42	87	99
76	14	33	92
21	88	20	40
61	99	61	39
78	94	90	68
65	41	56	11
74	47	75	26
46	30	47	75
19	73	77	32
33	66	35	12
26	28	23	97
35	98	23	62
31	72	92	20
40	71	80	39
44	51	85	91
71	53	85	88
57	51	27	48
64	84	31	46
21	58	46	98
87	97	91	82
18	44	87	22
63	75	54	12
29	31	21	90
33	53	28	78
68	25	37	13
18	14	18	94
38	62	96	25
25	38	14	13
82	59	78	24
99	49	25	97
27	39	47	92
36	74	48	18
69	66	45	51
38	65	95	44
73	19	25	47
78	66	66	35
47	94	40	47
10	92	82	72
84	11	80	27
53	38	77	92
34	73	91	83
66	93	86	34
32	85	17	66
28	74	29	33
44	34	34	21
59	24	77	61
94	47	33	25
23	29	24	22
23	92	20	30
50	33	50	21
19	95	50	32
21	42	86	25
34	45	39	62
34	82	69	83
51	84	27	73
40	19	32	97
25	22	74	57
24	68	74	51
47	39	76	77
65	38	52	71
40	70	96	16
92	51	28	22
93	67	34	65
29	45	55	41
33	36	98	62
42	59	73	40
47	54	13	76
42	50	62	44
40	36	77	62
75	35	93	55
74	33	78	68
28	36	86	67
50	88	11	62
72	61	72	48
32	61	83	23
47	32	96	49
85	89	65	20
50	59	56	32
72	22	90	93
68	13	15	83
40	13	97	66
58	69	64	16
80	69	52	40
31	77	44	98
89	88	42	27
64	98	89	91
45	36	28	58
46	22	20	78
83	69	17	25
78	81	42	12
91	84	45	28
18	22	67	58
13	98	75	35
67	63	42	42
69	85	53	15
20	86	21	96
64	29	31	19
91	57	91	21
33	86	58	12
44	55	26	43
59	11	92	15
58	80	87	77
88	33	35	62
53	84	13	97
55	34	98	79
50	21	31	16
35	52	60	84
28	47	49	32
76	73	66	40
50	95	98	41
56	55	83	80
64	38	28	51
53	75	57	65
75	79	54	94
66	56	65	12
96	53	35	61
20	18	65	93
31	81	28	72
75	40	22	93
78	55	73	26
40	15	91	54
83	81	29	91
69	28	10	53
76	33	50	49
38	63	76	32
24	69	51	81
79	72	64	66
71	20	13	28
58	59	11	58
47	41	95	72
53	29	53	96
41	34	57	34
47	92	44	74
75	92	68	85
56	43	67	45
71	39	97	10
45	76	59	30
32	75	50	99
17	59	73	53
36	85	84	88
66	60	15	73
98	90	59	57
54	41	98	51
46	74	64	35
40	94	34	13
46	85	65	29
70	10	72	41
83	84	44	31
94	87	34	41
83	73	71	95
42	73	75	93
32	13	17	14
47	80	16	94
42	13	30	15
10	22	73	14
65	89	66	69
48	35	22	22
21	93	37	35
75	10	45	83
85	77	19	68
80	32	30	72
32	32	36	37
22	34	86	42
55	77	57	48
98	11	48	86
43	51	23	95
66	74	15	35
38	15	45	55
33	71	97	67
14	64	97	85
97	39	72	46
76	30	36	34
64	17	71	36
97	16	16	79
62	71	22	58
39	76	58	53
50	43	30	58
47	85	28	95
64	82	18	81
25	32	91	41
12	93	88	48
75	63	48	50
85	98	39	27
74	26	11	41
49	35	20	46
92	77	84	77
68	63	46	51
38	89	21	31
47	91	65	46
49	13	16	64
11	57	21	33
92	35	39	83
94	30	74	72
96	57	47	96
64	84	92	75
82	56	41	24
21	65	76	14
79	61	33	60
44	59	68	72
86	59	58	80
30	16	25	15
43	31	96	55
20	97	20	23
79	68	77	74
55	83	87	28
15	73	74	65
40	20	30	42
27	58	83	66
29	25	63	60
14	53	77	12
72	62	73	75
17	63	11	51
26	42	13	85
42	51	93	84
10	84	86	90
93	69	27	47
60	40	62	77
49	29	97	37
47	29	15	38
35	40	41	10
84	60	74	93
84	43	63	41
50	31	72	75
24	45	52	94
16	65	72	27
65	41	84	85
63	54	96	99
18	85	24	41
35	40	89	84
57	59	38	25
35	98	70	18
61	47	16	25
98	92	79	41
83	78	29	80
85	46	59	20
75	25	22	61
17	65	44	20
50	21	71	64
22	59	82	10
86	39	31	51
39	16	43	71
21	88	27	78
15	34	51	95
99	29	15	21
26	80	31	19
58	16	94	33
32	46	29	14
76	23	92	17
65	89	40	97
26	75	91	89
32	58	87	77
80	86	72	14
47	13	81	58
12	32	26	67
51	76	42	16
46	44	64	96
31	35	76	60
43	89	84	90
76	98	53	57
17	46	82	71
91	96	18	15
53	17	76	65
17	66	61	73
74	10	58	60
82	34	34	51
42	79	34	79
53	76	16	62
80	44	46	13
21	12	83	55
89	56	43	98
98	37	33	40
37	98	18	71
30	53	39	98
41	44	95	22
99	49	60	54
10	80	53	43
80	35	62	74
48	90	22	43
50	20	78	81
19	56	79	70
65	11	67	49
51	19	97	18
20	23	79	72
79	50	99	71
57	54	66	46
81	61	45	65
85	98	63	68
27	98	33	25
10	49	44	20
41	38	18	58
63	58	23	36
77	52	21	83
65	40	73	99
13	49	27	84
38	24	54	80
60	28	76	26
79	86	21	24
71	53	61	98
88	49	69	46
15	87	79	32
39	36	31	81
25	77	84	30
69	95	74	50
35	45	18	29
34	19	35	25
50	96	30	18
14	32	28	18
67	61	86	56
40	76	50	59
65	32	87	96
31	13	25	42
16	79	63	36
98	94	55	71
89	12	71	98
37	18	50	50
30	90	82	30
92	46	28	77
27	97	84	93
55	13	55	74
90	61	60	16
42	81	15	59
96	97	92	94
33	46	28	58
54	65	86	27
95	60	59	36
69	80	26	43
54	36	29	68
44	18	52	45
43	63	62	53
42	87	67	97
35	20	83	41
82	98	24	62
94	13	98	60
30	56	47	45
56	20	85	60
28	76	37	84
26	90	57	13
73	84	18	58
98	54	59	14
76	55	68	17
73	10	92	78
98	28	54	67
45	56	96	25
69	75	96	88
11	21	53	43
87	79	16	69
94	66	19	79
15	12	37	60
84	77	97	67
29	14	79	51
22	89	79	68
25	12	53	98
86	72	44	73
25	16	46	95
61	44	15	99
65	70	98	93
17	87	88	25
14	68	77	16
33	74	98	80
65	99	23	68
62	18	49	73
22	49	92	89
42	79	81	43
94	56	86	84
51	18	57	31
96	26	82	38
95	88	85	64
89	91	24	13
46	10	89	66
44	92	21	84
90	20	78	33
77	12	33	15
36	95	19	41
91	90	14	45
31	18	33	29
78	76	24	36
15	28	70	77
71	82	38	57
47	31	25	96
75	75	22	31
91	51	97	39
43	51	65	29
32	34	31	43
70	79	20	55
63	75	68	61
71	31	61	81
86	81	59	21
43	93	28	14
75	42	26	26
59	19	85	89
11	56	16	68
63	34	71	69
67	27	73	35
87	95	15	13
16	22	86	49
97	10	23	84
56	28	21	38
87	66	24	78
89	10	83	47
74	45	47	14
31	81	45	64
11	55	19	65
98	28	58	66
46	97	38	30
19	41	19	32
56	33	82	23
90	61	23	26
26	50	21	72
27	87	99	60
39	15	73	92
90	84	29	91
98	73	34	33
60	84	22	52
57	58	74	61
20	44	65	86
53	59	88	48
83	12	98	37
79	54	68	61
69	52	82	39
16	64	10	85
52	37	92	23
20	35	59	79
36	98	28	39
86	12	58	48
33	30	57	74
23	58	14	55
66	68	94	85
49	53	46	10
77	52	61	97
50	13	33	43
34	10	30	10
94	59	52	47
14	94	41	71
22	27	63	44
24	95	14	15
57	46	98	72
52	13	54	46
66	85	76	94
11	51	73	89
59	84	12	60
65	23	96	80
49	56	58	34
22	10	11	46
91	95	21	10
75	76	57	23
88	77	92	47
97	70	46	63
20	21	79	69
87	34	21	74
70	40	31	78
86	89	85	78
16	58	63	44
49	67	23	95
87	79	66	94
31	49	20	38
58	77	60	89
18	84	65	41
44	43	52	30
43	19	12	54
44	21	76	97
67	90	49	62
32	72	98	99
50	36	95	78
46	55	16	36
76	88	66	55
54	73	85	95
96	61	98	25
31	45	55	23
47	70	80	28
76	43	55	38
38	32	58	86
66	63	17	68
63	49	95	10
55	59	52	98
84	21	79	89
36	60	51	40
15	88	50	51
88	83	41	16
57	20	30	48
21	59	78	11
49	29	15	27
29	43	90	84
71	88	12	20
17	87	50	50
93	28	57	28
50	14	25	27
47	80	48	21
40	23	73	60
67	37	50	71
87	49	58	68
87	76	27	12
94	93	84	65
54	60	10	49
38	33	46	34
93	26	64	18
91	82	14	70
91	92	76	67
66	39	24	65
72	65	62	94
79	45	74	55
93	64	87	89
66	97	28	31
92	40	86	97
92	18	38	63
14	44	92	51
48	56	98	38
19	40	37	39
54	12	93	29
93	38	32	36
36	98	51	68
41	63	68	88
57	64	90	47
59	70	46	73
65	81	44	85
54	13	81	96
47	20	26	94
61	70	68	28
95	87	70	33
17	54	59	82
18	14	16	99
86	64	64	13
39	77	50	70
89	98	33	67
75	32	31	79
54	31	52	80
82	52	92	48
17	47	45	22
26	62	85	74
16	85	32	77
67	68	41	18
77	33	59	64
88	18	92	90
55	51	55	76
89	45	30	64
19	86	90	39
33	21	50	88
78	92	55	95
68	42	84	78
82	33	60	58
35	97	86	34
59	85	31	71
29	14	98	33
36	88	21	43
76	71	15	34
29	10	62	73
53	36	76	89
36	45	51	26
78	60	50	84
80	70	93	31
22	21	68	74
39	40	31	22
13	23	37	26
65	91	92	11
24	68	20	85
63	44	92	59
33	66	59	94
98	41	32	10
31	67	76	26
86	24	70	36
71	65	51	88
69	79	16	50
62	77	57	41
20	24	91	55
13	73	85	50
16	64	55	89
40	49	42	28
78	75	42	29
75	17	60	48
22	34	19	51
46	41	25	82
45	92	67	13
26	88	94	48
71	19	25	16
73	14	59	61
58	75	46	10
93	85	19	57
20	34	57	53
55	26	39	43
83	14	29	80
96	38	58	73
94	23	58	16
23	79	24	79
81	39	49	86
42	62	28	84
42	51	99	20
38	65	73	92
22	78	86	92
28	80	13	88
71	67	19	21
40	54	85	46
43	95	10	81
24	14	73	86
12	80	79	40
84	33	55	71
52	88	18	47
74	21	51	71
91	28	84	57
35	57	19	90
60	38	58	79
49	30	23	16
46	18	72	27
29	91	78	14
96	81	31	43
38	64	68	81
92	27	88	12
12	10	63	36
87	28	13	71
38	12	47	26
34	15	84	48
22	17	31	43
39	27	80	98
33	78	76	70
49	11	75	92
19	37	77	69
22	14	56	19
39	91	44	22
14	35	93	82
35	32	21	47
17	33	82	88
88	28	70	35
12	91	78	89
71	51	54	36
27	56	21	67
59	65	52	17
69	78	49	35
97	57	36	40
43	64	26	62
91	80	56	43
14	53	76	40
23	12	79	67
87	99	74	81
60	14	59	20
63	59	18	43
31	91	79	74
11	88	64	17
81	31	88	40
91	10	83	34
20	46	26	16
99	56	72	46
33	35	72	15
19	48	33	88
34	99	44	45
50	91	85	84
46	71	12	48
47	26	52	72
66	53	89	42
93	87	87	30
83	73	98	90
17	55	16	54
98	84	81	83
60	30	85	94
57	57	67	74
49	37	93	68
86	77	44	47
35	53	71	48
55	69	93	73
70	45	71	78
29	65	33	82
87	54	16	29
18	24	83	22
86	58	12	22
49	68	31	33
35	45	22	39
21	29	29	92
45	40	69	43
15	29	48	14
95	48	38	43
17	54	64	66
78	60	75	41
20	34	83	95
34	98	79	93
83	93	76	93
34	57	89	88
22	65	29	77
93	91	16	54
10	77	38	24
49	72	55	51
46	99	95	92
80	83	88	68
72	62	57	27
32	41	41	36
59	45	25	35
10	49	41	30
33	37	40	51
56	69	54	42
37	68	66	49
13	78	55	56
54	54	19	77
12	34	88	16
14	85	47	39
93	75	13	14
22	32	72	56
51	21	22	68
52	60	48	86
17	67	82	26
55	32	95	80
38	16	35	52
42	54	17	55
70	88	45	22
73	72	64	15
52	80	89	30
23	31	17	61
99	35	56	93
75	35	78	62
68	39	37	68
72	89	53	10
93	34	81	97
88	31	44	90
62	25	99	44
14	47	26	36
67	33	54	95
71	76	68	89
38	79	84	11
79	54	57	40
92	95	79	99
94	52	96	46
71	50	92	50
22	48	68	16
50	69	79	21
23	35	40	32
29	48	29	86
30	35	65	15
16	15	81	97
71	49	83	10
57	63	17	76
20	37	66	45
48	34	25	34
81	63	85	22
72	31	78	19
45	69	18	59
79	59	32	33
96	43	32	35
27	30	78	74
62	76	14	21
67	58	29	68
52	89	28	65
52	24	82	69
74	48	42	58
40	76	85	36
97	25	22	85
31	57	68	84
28	46	60	40
42	56	46	64
89	77	41	64
41	90	34	39
79	99	74	22
11	44	32	44
86	23	97	80
42	10	94	99
63	49	87	33
95	66	90	55
95	35	60	12
91	26	48	94
42	56	40	90
11	18	90	77
23	21	86	52
17	65	50	57
73	91	33	45
73	98	19	47
99	76	49	88
95	43	55	61
17	29	49	77
73	85	54	86
44	80	34	29
10	80	32	58
36	41	74	27
59	94	67	84
27	22	85	57
17	95	19	71
38	51	97	59
75	28	90	23
51	13	68	35
61	36	10	33
40	96	99	85
83	63	26	40
83	98	44	39
16	80	92	94
40	29	52	84
75	35	81	89
55	99	28	30
54	71	36	59
16	83	99	91
18	17	90	54
83	64	98	31
91	39	21	23
94	93	97	83
96	25	15	47
75	67	48	97
61	93	27	59
64	78	99	18
62	50	78	17
40	92	45	61
88	95	31	88
13	84	72	37
39	15	75	96
45	16	23	62
52	72	28	41
91	54	60	19
31	38	73	63
79	97	81	17
16	13	99	33
21	92	55	90
28	75	96	56
56	27	47	95
88	58	14	73
37	66	12	26
51	14	76	27
79	41	43	61
62	94	68	19
47	45	46	31
93	69	52	26
46	48	87	56
43	67	90	56
24	78	75	57
74	43	56	70
24	19	42	89
24	48	63	63
91	34	93	16
92	57	14	76
35	41	92	35
33	21	47	71
98	19	47	77
37	16	77	96
79	79	22	44
66	15	43	37
19	31	42	76
48	21	91	36
50	13	99	84
60	21	46	25
23	56	57	60
24	40	45	19
57	17	85	10
71	14	43	13
42	44	81	22
60	89	18	53
32	15	32	37
17	13	15	88
27	73	10	51
14	96	53	80
73	73	52	70
14	51	54	31
33	40	59	31
60	73	80	84
18	68	39	49
64	85	18	98
78	22	98	85
51	95	59	38
21	39	51	10
42	25	48	79
30	15	15	36
84	84	14	72
66	26	40	66
62	61	64	89
27	20	70	80
26	74	76	90
26	51	41	14
45	36	76	44
82	30	17	91
35	91	95	12
39	95	58	12
12	81	40	24
36	49	26	82
90	20	52	77
21	99	72	63
69	70	99	12
14	86	27	91
88	18	69	39
77	64	68	72
11	57	54	40
66	32	47	98
40	73	76	76
26	38	44	63
34	16	19	45
68	52	88	48
95	92	50	86
35	80	90	68
28	57	47	51
71	61	46	73
57	86	55	34
22	65	87	59
56	61	50	59
22	47	76	23
11	55	59	30
62	94	20	35
39	35	82	31
48	85	98	34
91	87	82	89
46	45	80	89
97	89	18	32
96	12	26	33
11	64	17	51
20	14	36	79
17	82	76	53
35	36	64	43
63	97	49	98
72	20	10	24
98	94	23	66
75	90	34	87
79	24	14	85
93	67	95	83
72	15	28	46
32	13	87	16
45	47	30	58
82	59	76	55
25	93	64	45
61	80	88	56
43	24	39	10
31	53	51	88
92	14	32	49
67	89	50	49
95	53	83	64
74	32	26	86
51	46	71	90
49	35	38	14
44	40	15	13
70	15	74	74
84	13	30	89
71	55	33	30
40	13	33	18
91	52	57	62
72	93	77	28
19	77	66	56
56	37	18	57
76	45	37	36
76	29	80	45
47	40	95	57
14	49	14	64
75	56	83	35
40	72	37	90
90	75	30	32
38	76	34	53
89	89	55	88
60	58	79	90
84	63	88	35
60	19	29	62
30	79	55	11
83	24	16	87
18	73	68	26
82	70	82	76
40	32	49	63
31	63	40	35
23	88	56	52
13	39	58	69
57	44	43	92
27	94	50	50
90	50	21	89
65	93	62	82
51	23	51	60
52	16	73	67
35	19	46	43
90	64	62	52
46	67	96	17
14	80	10	75
50	42	24	15
96	82	20	33
17	74	22	17
47	29	79	17
59	10	66	83
28	48	93	29
28	62	63	10
21	64	55	97
78	71	79	18
59	73	88	69
55	80	80	46
86	12	13	51
22	71	69	37
54	16	70	73
98	51	29	10
83	66	87	42
16	50	29	30
10	96	90	96
25	87	86	31
22	89	72	18
78	90	46	54
11	12	79	53
28	19	31	60
99	58	31	35
41	52	48	13
39	29	67	83
98	87	12	16
30	70	22	77
18	65	49	65
44	31	58	35
36	27	11	30
26	86	71	47
39	95	81	68
17	82	55	93
68	92	78	63
84	29	40	57
34	67	94	17
59	25	58	78
31	84	24	31
91	26	33	85
90	51	13	44
67	57	23	89
45	62	50	60
97	24	39	36
30	23	97	20
72	44	24	13
93	76	31	70
28	96	70	57
91	58	16	93
71	67	55	98
84	59	40	41
58	72	34	13
23	61	54	54
16	42	90	45
76	21	76	51
47	61	54	63
18	29	98	99
96	52	86	76
69	28	11	57
87	98	93	97
43	36	74	49
32	75	48	52
52	50	55	20
47	45	70	47
62	14	17	51
10	34	83	18
40	39	84	93
75	43	19	88
71	70	82	90
62	78	37	20
47	13	53	13
26	41	80	15
12	34	30	65
58	23	17	30
58	16	14	35
57	87	25	68
56	62	55	60
44	27	86	71
13	44	88	56
91	77	11	50
39	52	87	25
52	53	86	92
97	65	38	13
67	12	14	52
14	82	26	43
53	47	38	46
56	81	34	34
77	24	82	59
60	48	15	77
71	99	33	69
76	72	44	15
36	85	98	95
96	56	35	35
39	78	66	64
57	62	37	16
66	17	61	53
86	36	60	75
27	93	48	40
20	62	42	67
30	63	66	28
33	81	55	42
29	54	17	91
27	48	45	12
18	45	89	73
31	35	74	98
89	70	45	77
42	38	81	97
90	44	11	80
56	97	62	57
14	75	96	56
89	12	67	81
27	75	81	84
72	84	29	80
80	77	97	56
39	81	20	53
59	48	25	78
45	38	72	22
98	18	30	93
68	51	80	51
79	26	96	60
43	42	17	40
39	75	69	61
58	76	76	97
46	10	90	79
96	29	12	74
73	81	72	21
53	33	71	65
13	44	15	17
72	82	21	77
31	52	16	99
